CDQN_1_1: -3861.37 +- 1.9278515968426153
CDQN_1_2: -3852.025 +- 1.464431574739063
CDQN_1_3: -3862.1275 +- 1.5037724023168946
-3858.5075 +- 3.248617975385805
CDQN_2_1: -3381.7775 +- 1.6130249869099953
CDQN_2_2: -3388.5475 +- 1.4201095511326036
CDQN_2_3: -3429.3375 +- 6.1448102669991815
-3399.8875000000003 +- 14.854125128506656
CDQN_3_1: -3893.31 +- 2.108325126040273
CDQN_3_2: -3890.7675 +- 1.5038242343087291
CDQN_3_3: -3860.745 +- 2.441814095645742
-3881.6074999999996 +- 10.457039196158746
DQN_1_1: -29972.7375 +- 47.88380342621893
DQN_1_2: -29192.67 +- 176.77408997776985
DQN_1_3: -29974.2125 +- 0.7566701617675122
-29713.206666666665 +- 260.26868163149175
DQN_2_1: -29975.1375 +- 0.7095015613364407
DQN_2_2: -29973.5425 +- 0.7223659153532649
DQN_2_3: -29974.2525 +- 0.7067145626472148
-29974.310833333333 +- 0.4613597054122906
DQN_3_1: -29975.1375 +- 0.7095015613364407
DQN_3_2: -29973.5425 +- 0.7223659153532649
DQN_3_3: -29974.2525 +- 0.7067145626472148
-29974.310833333333 +- 0.4613597054122906

CDQN_1_2: -3852.23 +- 1.8910567121907804
CDQN_2_1: -3382.53 +- 2.108773949223175
CDQN_3_3: -3856.8525 +- 1.6909391020945967
-3697.2041666666664 +- 157.34274186425344
DQN_1_2: -29303.9825 +- 140.21010355295442
DQN_2_2: -29974.0975 +- 0.7237347333697024
DQN_3_2: -29975.065 +- 0.7013070057333854
-29751.048333333336 +- 223.5330911480325
