CDQN_1_1: 14502.6325 +- 91.41977244060557
CDQN_1_2: 14576.215 +- 9.232603878290977
CDQN_1_3: 14618.75 +- 73.3203469505045
14565.865833333335 +- 33.91728855899969
CDQN_2_1: 14773.9775 +- 9.58251684355512
CDQN_2_2: 14566.0775 +- 8.44283170817151
CDQN_2_3: 9082.595 +- 348.6222574088459
12807.550000000001 +- 1863.4442050961043
CDQN_3_1: 1116.7675 +- 205.57188967773186
CDQN_3_2: 14625.4 +- 8.367771447493874
CDQN_3_3: 14737.2825 +- 10.630054179731875
10159.816666666666 +- 4521.639934673945
DQN_1_1: 9465.2775 +- 361.69555642844796
DQN_1_2: 8554.7725 +- 371.03105207768533
DQN_1_3: 7376.35 +- 383.42503699058057
8465.466666666667 +- 604.6724110250617
DQN_2_1: 8463.955 +- 334.6044642951632
DQN_2_2: 4618.325 +- 251.85680768520223
DQN_2_3: 7278.0675 +- 323.8308739251512
6786.7825 +- 1136.9899204542596
DQN_3_1: 6473.89 +- 336.58537014886076
DQN_3_2: 4817.505 +- 346.9065433217368
DQN_3_3: 4813.4825 +- 347.0156827824599
5368.2925000000005 +- 552.7999695885334

CDQN_1_3: 14661.75 +- 64.29708493842429
CDQN_2_1: 14790.05 +- 9.153138456782054
CDQN_3_3: 14738.92 +- 10.815947522154728
14730.24 +- 37.29043353640876
DQN_1_1: 9069.6375 +- 367.51325381823244
DQN_2_1: 8247.965 +- 321.2751427168882
DQN_3_1: 6526.87 +- 329.0889144544252
7948.1575 +- 749.184010008278
