CDQN_1_1: -13.9375 +- 0.4138685810507393
CDQN_1_2: -1.1525 +- 0.019013499359527085
CDQN_1_3: -1.025 +- 0.007816023641463079
-5.371666666666666 +- 4.283074813858744
CDQN_2_1: 20.2725 +- 0.08366965341302449
CDQN_2_2: 19.645 +- 0.09344392391853647
CDQN_2_3: 20.1675 +- 0.09072865366845925
20.028333333333336 +- 0.19404860502232749
CDQN_3_1: -7.5 +- 0.20595763245365487
CDQN_3_2: -7.2475 +- 0.14532173061339168
CDQN_3_3: 13.1525 +- 0.1471470012434414
-0.5316666666666663 +- 6.842471582777024
DQN_1_1: -20.3725 +- 0.3569704878529806
DQN_1_2: -1.2625 +- 0.02202719610892527
DQN_1_3: -23.1125 +- 0.15775559083944618
-14.915833333333333 +- 6.87233665583338
DQN_2_1: -12.2125 +- 0.3276801719860113
DQN_2_2: -5.2825 +- 0.30256917330850397
DQN_2_3: -12.58 +- 0.36375099583014003
-10.025 +- 2.3736219686378033
DQN_3_1: -1.0125 +- 0.005562078459710898
DQN_3_2: -1.015 +- 0.00608523419335443
DQN_3_3: -1.015 +- 0.006085234193354429
-1.0141666666666664 +- 0.0008333333333333156
CDQN_1_3: -1.045 +- 0.019257846755391304
CDQN_2_1: 20.4175 +- 0.08625011350833402
CDQN_3_3: 13.245 +- 0.14079949838997002
10.8725 +- 6.30822990888358
DQN_1_2: -1.315 +- 0.045767610659326094
DQN_2_2: -5.3925 +- 0.30686973124582884
DQN_3_1: -1.0175 +- 0.006564457728034957
-2.5749999999999997 +- 1.4113653259639525
