CDQN_1_1: 832.0 +- 15.990755474699407
CDQN_1_2: 972.75 +- 13.575412454443903
CDQN_1_3: 848.25 +- 14.487652464593328
884.3333333333334 +- 44.45651745744874
CDQN_2_1: 785.25 +- 14.358237747999237
CDQN_2_2: 787.5 +- 13.063729466309468
CDQN_2_3: 807.75 +- 12.120421001894197
793.5 +- 7.1545440106270926
CDQN_3_1: 985.75 +- 13.988174158578625
CDQN_3_2: 944.25 +- 12.381461756920917
CDQN_3_3: 934.25 +- 14.947857366513237
954.75 +- 15.766525721709693
DQN_1_1: 531.0 +- 11.332190713446135
DQN_1_2: 509.0 +- 11.129112402035613
DQN_1_3: 398.25 +- 11.379964971690038
479.4166666666667 +- 41.07724768990466
DQN_2_1: 207.0 +- 8.172789377901456
DQN_2_2: 227.75 +- 7.53520351284223
DQN_2_3: 157.0 +- 7.915753146079922
197.25 +- 20.997519694795702
DQN_3_1: 397.5 +- 13.99908249768328
DQN_3_2: 216.0 +- 10.086592505446392
DQN_3_3: 290.75 +- 10.93263004721981
301.4166666666667 +- 52.66528215479762
CDQN_1_2: 929.5 +- 14.21987648392366
CDQN_2_3: 792.0 +- 12.034411812347662
CDQN_3_1: 957.0 +- 12.832153381291954
892.8333333333334 +- 51.03783999260854
DQN_1_1: 524.5 +- 11.416005780040795
DQN_2_2: 230.0 +- 7.915594835766295
DQN_3_1: 403.5 +- 13.70452150840868
386.0 +- 85.4639300133883
